[Player]
Location=9,7

[Exit]
Location=14,12

[RedBlock]
Location=1,3;1,10;1,12;2,3;2,5;2,6;2,8;2,10;2,11;3,14
Location=4,5;4,9;4,11;4,15;4,16;5,2;5,5;5,11;5,13;6,4;6,6;6,13;6,15
Location=7,3;7,8;7,10;8,6;9,1;9,4;9,5;9,6;9,8;9,10;9,12;9,14;9,15
Location=10,2;10,8;10,12;10,14;11,2;11,10;11,11;11,14;11,16;12,6;12,7
Location=13,2;13,5;13,12;14,6;14,8;14,9;14,11;14,15;15,1;15,4;15,13;16,7;16,13

[BlueBlock]
Location=2,7;2,15;3,2;3,4;3,8;3,11;3,13;4,2;4,6;4,13;5,7;5,9
Location=6,8;6,9;6,10;7,6;7,11;7,12;7,15;8,2;8,3;8,7;8,8;8,13;8,14
Location=9,9;9,11;10,7;11,3;11,4;11,5;11,6;12,3;12,9;12,13;12,14;12,15
Location=13,10;13,14;14,3;14,7;15,3;15,6;15,10;15,11;15,15;16,6;16,15
