[Player]
Location=4,1

[Exit]
Location=16,16

[RedBlock]
Location=1,2;2,2;3,2;5,2;6,2;7,2;8,2;9,2;10,2;11,2;12,2;13,2;14,2;15,2;16,2
Location=1,3;7,3;2,5;4,5;6,5;3,6;5,6;8,6;9,6;10,6;12,6;13,6;14,6;15,6;16,6
Location=8,7;16,7;3,8;4,8;5,8;6,8;7,8;8,8;16,8;3,9;8,9;16,9;3,10;8,10;16,10
Location=3,11;8,11;9,11;10,11;12,11;13,11;14,11;15,11;16,11
Location=3,13;8,13;3,14;8,14;3,15;8,15;3,16;4,16;5,16;6,16;7,16;8,16

[BlueBlock]
Location=4,2;3,3;5,3;2,4;3,4;5,4;6,4;11,11;8,12

[Water]
Location=13,13;14,13;15,13;16,13;13,14;14,14;15,14;16,14;13,15;14,15;15,15;
Location=16,15;13,16;14,16;15,16

[Raft]
Location=11,6;3,12;10,14

[BouncingBall]
Location=15,7;9,8;15,9;9,10

[BouncingBall_UpDown]
Location=4,15;5,9;6,15;7,9

