[Player]
Location=4,16

[Exit]
Location=8,8

[RedBlock]
Location=3,1;13,1;7,2;9,2;14,2;16,2;1,3;2,3;3,3;10,3
Location=4,4;6,4;7,4;9,4;11,4;14,4;12,5;15,5;3,6;4,6;15,6
Location=3,7;12,7;14,7;15,7;4,8;7,9;9,9;12,9;14,9;12,11
Location=14,11;5,12;7,12;9,12;11,12;14,12;16,13;3,14;5,14
Location=7,14;9,14;11,14;14,14;3,15;5,15;7,15;9,15;11,15;14,15
Location=3,16;14,16;1,14;14,10;1,15;1,16;3,13;10,10;6,10;3,11;4,7

[BlueBlock]
Location=7,1;5,2;6,2;9,3;15,3;1,4;3,4;2,5;7,6;9,6;12,6;2,7;6,7
Location=8,7;10,7;1,8;7,8;9,8;12,8;4,9;6,9;8,9;10,9;7,10;9,10;12,10
Location=6,12;8,12;10,12;5,4;8,4;4,12;6,15;8,14;10,15;1,10;1,12;2,9

[Water]
Location=5,5;6,5;7,5;8,5;9,5;10,5;11,5;5,6;6,6;8,6;11,6;5,7;7,7;9,7
Location=11,7;5,8;6,8;10,8;11,8;5,9;11,9;5,10;8,10;11,10;5,11
Location=6,11;7,11;8,11;9,11;10,11;11,11;10,6

[Raft]
Location=1,1;2,1;1,2;2,2;14,3;13,6
Location=2,13;2,14;15,14;16,14;2,15;15,15;16,15
Location=2,16;5,10;11,10;15,16;16,16

[Creature1]
Location=15,1

[BouncingBall_UpDown]
Location=6,13;8,14;10,14

[Mine]
Location=16,8
