[General]
Width=15
Height=15

[Player]
Location=14,4

[Exit]
Location=14,14

[RedBlock]
Location=3,2;4,2;5,2;3,5;4,5;1,6;8,6;9,6;10,6;11,6;12,6;13,6;14,6;15,6
Location=1,7;5,7;1,8;5,8;1,9;5,9;3,10;8,10;11,10;3,11;14,12
Location=11,13;1,14;2,14;5,14;5,15

[BlueBlock]
Location=9,7;10,7;13,7;11,8;14,8;10,9;12,9;14,9;15,9;9,10;10,10;13,10
Location=8,11;10,11;13,11;14,11;8,12;10,12;12,12;15,12
Location=9,13;12,13;13,13;10,14;11,14;15,14;10,15;13,15;15,15

[Raft]
Location=12,2;14,3;2,4;3,7;4,11;2,13

[Water]
Location=9,1;10,1;8,2;9,2;8,3;9,3;8,4;9,4;7,5;8,5;7,6;6,7;7,7;8,7
Location=6,8;7,8;8,8;6,9;7,9;6,10;7,10;6,11;7,11;6,12;7,12;6,13;7,13
Location=6,14;7,14;6,15;7,15
