[Player]
Location=15,10

[Exit]
Location=2,2

[RedBlock]
Location=1,1;1,2;1,3;1,4;1,6;1,7;1,9;1,16;2,1;2,11
Location=3,1;3,3;3,4;3,6;3,8;4,1;4,9;4,11;4,12;4,13;4,15
Location=5,1;5,3;5,4;5,5;5,6;5,11;5,15;6,7;6,11;6,15;7,11;7,15
Location=8,6;8,7;8,9;8,11;8,12;8,13;8,15;9,2;9,3;9,9;9,11
Location=10,6;10,7;10,9;10,11;10,12;10,13;10,15;11,3;11,9;11,11;11,15
Location=12,9;12,11;12,15;13,9;13,11;13,15;14,6;14,7;14,9;14,11;14,12;14,13;14,15
Location=16,6;16,7;16,8;16,9;16,10;16,11;16,12;16,13;16,15;16,16

[BlueBlock]
Location=1,11;1,14;1,16;2,5;2,10;2,13;3,7;3,13;3,15;4,3;4,7;4,10;4,14
Location=5,9;5,16;6,2;6,9;7,2;7,9;8,8;8,14;10,2;10,4;10,8;10,14;11,1;12,1;12,3;12,4
Location=13,2;14,3;14,4;14,8;14,14;15,2;15,3;16,3;16,4

[Water]
Location=3,2;4,2;6,5;7,5;8,5;9,5;10,5;11,5;12,5;13,5;14,5;15,5;16,5

[Raft]
Location=4,5;6,13;7,3;12,7;12,13
