[Player]
Location=9,1

[RedBlock]
Location=1,2;1,4;1,5;1,7;1,8;1,9;1,12;2,10;2,14;2,15;2,16;3,1;3,2;3,4;3,6;3,7;3,8;3,10;3,12;3,13;3,14
Location=4,4;4,8;4,10;4,13;4,15;5,2;5,3;5,4;5,7;5,8;5,9;5,10;5,12;6,5;6,7;6,12;6,14;6,15;6,16
Location=7,2;7,3;7,5;7,9;7,11;7,12;7,16;8,2;8,7;8,9;8,11;8,12;8,13;8,15;9,4;9,5;9,6;9,9;9,11;9,15
Location=10,2;10,4;10,5;10,8;10,10;10,13;10,14;10,15;11,2;11,7;11,12;12,3;12,5;12,6;12,9;12,10;12,11;12,12;12,14;12,15;12,16;
Location=13,1;13,3;13,4;13,5;13,7;13,9;13,14;14,3;14,7;14,9;14,11;14,16;15,2;15,5;15,7;15,9;15,11;15,12;15,13;15,14;15,16
Location=16,4

[Exit]
Location=3,15
