[Player]
Location=6,2

[Exit]
Location=6,15

[RedBlock]
Location=5,1;5,2;5,3;7,1;7,2;7,3;4,4;4,5;4,6;8,4;8,5;8,6
Location=2,7;2,8;2,9;6,7;6,8;6,9;10,7;10,8;10,9
Location=12,4;12,5;12,6;12,7;12,8;12,9;12,10;12,11;12,12;12,13;12,14;12,16
Location=14,4;14,5;14,6;14,7;14,8;14,9;14,10;14,11;14,12;14,13;14,14;14,16
Location=4,12;4,13;4,14;4,15;4,16;8,12;8,13;8,14;8,15;8,16;16,16
Location=16,7;16,8;16,9

[BlueBlock]
Location=1,13;3,13;2,14;1,15;3,15;15,12;15,13;12,15;13,15

[Water]
Location=1,8;11,8;15,8;5,13;6,13;7,13;14,15;14,1;14,2;14,3;9,16;10,16;11,16

[Raft]
Location=15,2;15,5;15,10;11,15

[BouncingBall]
Location=5,7;4,9;8,7;9,9

[BouncingBall_UpDown]
Location=13,4
