[Player]
Location=3,3

[Exit]
Location=13,13

[RedBlock]
Location=2,5;2,6;3,5;3,6;3,12;3,13;4,12;4,13;5,2;5,3;5,5;5,6;5,12;5,13
Location=6,2;6,3;6,5;6,6;10,3;10,5;10,10;10,11;10,12;10,14;10,15;10,16
Location=11,2;11,3;11,5;11,6;11,10;11,16;12,2;12,6;12,7;12,10;12,16
Location=14,2;14,6;14,7;14,10;14,16;15,2;15,3;15,5;15,6;15,10;15,16
Location=16,10;16,11;16,12;16,14;16,15;16,16

[Water]
Location=1,8;2,8;3,8;4,8;4,9;4,10;4,11;4,14;4,15;4,16;5,8;6,8;7,8
Location=8,1;8,2;8,3;8,4;8,5;8,6;8,7;8,8;8,9;8,10;8,11;8,12;8,13;8,14;8,15;8,16
Location=9,1;9,2;9,3;9,4;9,5;9,6;9,7;9,8;9,9;9,10;9,11;9,12;9,13;9,14;9,15;9,16
Location=10,8;10,9;11,8;11,9;12,8;12,9;12,12;12,13;12,14;13,8;13,9;13,12;13,14
Location=14,8;14,9;14,12;14,13;14,14;15,8;15,9;16,8;16,9

[Raft]
Location=2,10;2,15;4,4;6,10;13,2;13,6;15,4
