[General]
Width=8
Height=16

[Player]
Location=5,15

[Exit]
Location=3,1

[Raft]
Location=5,1;6,2;2,3;3,4;7,5;1,7;4,7;6,7;1,10;5,10;7,10;3,11;6,12
Location=7,13;4,14;5,14;8,14;1,15;4,15;8,15

[Water]
Location=1,1;4,1;6,1;7,1;8,1;1,2;2,2;3,2;5,2;8,2
Location=3,3;4,3;5,3;6,3;8,3;1,4;2,4;5,4;6,4;7,4;8,4
Location=3,5;5,5;2,6;3,6;4,6;5,6;6,6;7,6
Location=2,7;5,7;8,7;2,8;3,8;4,8;5,8;6,8
Location=1,9;2,9;4,9;7,9;2,10;4,10;6,10
Location=2,11;5,11;6,11;7,11;2,12;4,12;7,12;8,12
Location=2,13;3,13;4,13;5,13;6,13;8,13;1,14;2,14;3,14;6,14
Location=3,15;6,15;7,15;3,16;4,16;5,16;6,16
