[Player]
Location=9,1

[Exit]
Location=3,8;14,8

[RedBlock]
Location=2,2;3,2;4,2;5,2;6,2;7,2;8,2;9,2;10,2;11,2;12,2;13,2;14,2;15,2
Location=1,4;2,4;4,4;5,4;6,4;7,4;8,4;9,4;10,4;11,4;12,4;13,4;15,4;16,4
Location=2,6;3,6;4,6;5,6;6,6;11,6;12,6;13,6;14,6;15,6;2,7;15,7
Location=2,8;15,8;2,9;15,9;2,10;15,10
Location=2,11;3,11;4,11;5,11;6,11;11,11;12,11;13,11;14,11;15,11
Location=1,13;2,13;4,13;5,13;6,13;7,13;8,13;9,13;10,13;11,13;12,13;13,13;15,13;16,13
Location=2,15;3,15;4,15;5,15;6,15;7,15;8,15;9,15;10,15;11,15;12,15;13,15;14,15;15,15

[BlueBlock]
Location=6,8;11,8;6,9;11,9

[BouncingBall]
Location=11,3;5,5;8,8;9,9;12,12;6,14

[Mine]
Location=4,7;4,8;4,9;4,10

[Water]
Location=13,7;13,8;13,9;13,10
