[Player]
Location=9,16

[Exit]
Location=9,7

[RedBlock]
Location=4,2;5,2;6,2;7,2;8,2;9,2;10,2;11,2;12,2;13,2;14,2
Location=5,12;6,12;7,12;8,12;10,12;11,12;12,12;13,12;8,14;10,14
Location=4,3;4,4;4,5;4,6;4,7;4,8;4,9;4,10;4,11;4,12
Location=14,3;14,4;14,5;14,6;14,7;14,8;14,9;14,10;14,11;14,12
Location=6,4;7,4;8,4;10,4;11,4;12,4;6,10;7,10;8,10;9,10;10,10;11,10;12,10
Location=6,5;6,6;6,7;6,8;6,9;12,5;12,6;12,7;12,8;12,9
Location=8,6;9,6;10,6;8,7;10,7;8,8;10,8

[Water]
Location=1,1;1,2;1,3;1,4;1,5;1,6;1,7;1,8;1,9;1,10;1,11;1,12;1,13;1,14;1,15;1,16
Location=2,1;2,2;2,3;2,4;2,5;2,6;2,7;2,8;2,9;2,10;2,11;2,12;2,13;2,14;2,15;2,16
Location=16,1;16,2;16,3;16,4;16,5;16,6;16,7;16,8;16,9;16,10;16,11;16,12;16,13;16,14;16,15;16,16

[Creature1]
Location=11,5;8,9;10,9;6,11;7,15;10,15
